0 0.715446
0.153846 0.771641
0.307692 0.827661
0.461538 0.883505
0.615385 0.939175
0.769231 0.994671
0.923077 1.04999
1.07692 1.10514
1.23077 1.16011
1.38462 1.21492
1.53846 1.26954
1.69231 1.324
1.84615 1.37828
2 1.4324
2.15385 1.48634
2.30769 1.54011
2.46154 1.59371
2.61538 1.64714
2.76923 1.7004
2.92308 1.75349
3.07692 1.80641
3.23077 1.85916
3.38462 1.91174
3.53846 1.96416
3.69231 2.0164
3.84615 2.06848
4 2.1204
4.15385 2.17214
4.30769 2.22372
4.46154 2.27513
4.61538 2.32638
4.76923 2.37746
4.92308 2.42837
5.07692 2.47912
5.23077 2.52971
5.38462 2.58013
5.53846 2.63039
5.69231 2.68048
5.84615 2.73041
6 2.78018
6.15385 2.82979
6.30769 2.87923
6.46154 2.92851
6.61538 2.97763
6.76923 3.02659
6.92308 3.07538
7.07692 3.12402
7.23077 3.1725
7.38462 3.22081
7.53846 3.26897
7.69231 3.31697
7.84615 3.3648
8 3.41248
8.15385 3.46001
8.30769 3.50737
8.46154 3.55457
8.61538 3.60162
8.76923 3.64851
8.92308 3.69525
9.07692 3.74183
9.23077 3.78825
9.38462 3.83451
9.53846 3.88063
9.69231 3.92658
9.84615 3.97238
10 4.01803
10.1538 4.06352
10.3077 4.10886
10.4615 4.15405
10.6154 4.19908
10.7692 4.24396
10.9231 4.28868
11.0769 4.33326
11.2308 4.37768
11.3846 4.42195
11.5385 4.46607
11.6923 4.51004
11.8462 4.55386
12 4.59753
12.1538 4.64105
12.3077 4.68442
12.4615 4.72764
12.6154 4.77071
12.7692 4.81363
12.9231 4.8564
13.0769 4.89903
13.2308 4.9415
13.3846 4.98383
13.5385 5.02602
13.6923 5.06805
13.8462 5.10994
14 5.15169
14.1538 5.19328
14.3077 5.23474
14.4615 5.27604
14.6154 5.3172
14.7692 5.35822
14.9231 5.3991
15.0769 5.43982
15.2308 5.48041
15.3846 5.52085
15.5385 5.56115
15.6923 5.60131
15.8462 5.64132
16 5.68119
16.1538 5.72092
16.3077 5.76051
16.4615 5.79996
16.6154 5.83927
16.7692 5.87843
16.9231 5.91746
17.0769 5.95634
17.2308 5.99509
17.3846 6.0337
17.5385 6.07216
17.6923 6.11049
17.8462 6.14868
18 6.18674
18.1538 6.22465
18.3077 6.26243
18.4615 6.30007
18.6154 6.33757
18.7692 6.37494
18.9231 6.41217
19.0769 6.44926
19.2308 6.48622
19.3846 6.52304
19.5385 6.55973
19.6923 6.59628
19.8462 6.6327
20 6.66899
20.1538 6.70514
20.3077 6.74115
20.4615 6.77704
20.6154 6.81279
20.7692 6.84841
20.9231 6.88389
21.0769 6.91925
21.2308 6.95447
21.3846 6.98956
21.5385 7.02452
21.6923 7.05935
21.8462 7.09404
22 7.12861
22.1538 7.16305
22.3077 7.19736
22.4615 7.23153
22.6154 7.26558
22.7692 7.2995
22.9231 7.3333
23.0769 7.36696
23.2308 7.40049
23.3846 7.4339
23.5385 7.46718
23.6923 7.50034
23.8462 7.53336
24 7.56626
24.1538 7.59904
24.3077 7.63169
24.4615 7.66421
24.6154 7.69661
24.7692 7.72888
24.9231 7.76103
25.0769 7.79305
25.2308 7.82495
25.3846 7.85672
25.5385 7.88838
25.6923 7.9199
25.8462 7.95131
26 7.98259
26.1538 8.01375
26.3077 8.04479
26.4615 8.07571
26.6154 8.1065
26.7692 8.13717
26.9231 8.16773
27.0769 8.19816
27.2308 8.22847
27.3846 8.25866
27.5385 8.28873
27.6923 8.31868
27.8462 8.34851
28 8.37823
28.1538 8.40782
28.3077 8.4373
28.4615 8.46666
28.6154 8.4959
28.7692 8.52502
28.9231 8.55403
29.0769 8.58291
29.2308 8.61168
29.3846 8.64034
29.5385 8.66888
29.6923 8.6973
29.8462 8.72561
30 8.7538
30.1538 8.78188
30.3077 8.80984
30.4615 8.83769
30.6154 8.86542
30.7692 8.89304
30.9231 8.92055
31.0769 8.94794
31.2308 8.97522
31.3846 9.00238
31.5385 9.02944
31.6923 9.05638
31.8462 9.08321
32 9.10993
32.1538 9.13653
32.3077 9.16303
32.4615 9.18941
32.6154 9.21569
32.7692 9.24185
32.9231 9.2679
33.0769 9.29385
33.2308 9.31968
33.3846 9.3454
33.5385 9.37102
33.6923 9.39652
33.8462 9.42192
34 9.44721
34.1538 9.47239
34.3077 9.49747
34.4615 9.52244
34.6154 9.5473
34.7692 9.57205
34.9231 9.59669
35.0769 9.62123
35.2308 9.64567
35.3846 9.67
35.5385 9.69422
35.6923 9.71834
35.8462 9.74235
36 9.76626
36.1538 9.79006
36.3077 9.81376
36.4615 9.83735
36.6154 9.86084
36.7692 9.88423
36.9231 9.90752
37.0769 9.9307
37.2308 9.95378
37.3846 9.97675
37.5385 9.99963
37.6923 10.0224
37.8462 10.0451
38 10.0676
38.1538 10.0901
38.3077 10.1125
38.4615 10.1347
38.6154 10.1569
38.7692 10.179
38.9231 10.201
39.0769 10.2228
39.2308 10.2446
39.3846 10.2663
39.5385 10.2878
39.6923 10.3093
39.8462 10.3307
40 10.352
40.1538 10.3731
40.3077 10.3942
40.4615 10.4152
40.6154 10.4361
40.7692 10.4569
40.9231 10.4776
41.0769 10.4982
41.2308 10.5187
41.3846 10.5391
41.5385 10.5594
41.6923 10.5796
41.8462 10.5997
42 10.6198
42.1538 10.6397
42.3077 10.6595
42.4615 10.6793
42.6154 10.6989
42.7692 10.7185
42.9231 10.7379
43.0769 10.7573
43.2308 10.7766
43.3846 10.7958
43.5385 10.8149
43.6923 10.8339
43.8462 10.8528
44 10.8716
44.1538 10.8903
44.3077 10.909
44.4615 10.9275
44.6154 10.946
44.7692 10.9644
44.9231 10.9826
45.0769 11.0008
45.2308 11.0189
45.3846 11.0369
45.5385 11.0548
45.6923 11.0727
45.8462 11.0904
46 11.1081
46.1538 11.1256
46.3077 11.1431
46.4615 11.1605
46.6154 11.1778
46.7692 11.195
46.9231 11.2122
47.0769 11.2292
47.2308 11.2462
47.3846 11.263
47.5385 11.2798
47.6923 11.2965
47.8462 11.3131
48 11.3297
48.1538 11.3461
48.3077 11.3625
48.4615 11.3787
48.6154 11.3949
48.7692 11.4111
48.9231 11.4271
49.0769 11.443
49.2308 11.4589
49.3846 11.4747
49.5385 11.4903
49.6923 11.506
49.8462 11.5215
50 11.5369
50.1538 11.5523
50.3077 11.5676
50.4615 11.5828
50.6154 11.5979
50.7692 11.6129
50.9231 11.6279
51.0769 11.6428
51.2308 11.6576
51.3846 11.6723
51.5385 11.6869
51.6923 11.7015
51.8462 11.716
52 11.7304
52.1538 11.7447
52.3077 11.759
52.4615 11.7731
52.6154 11.7872
52.7692 11.8012
52.9231 11.8152
53.0769 11.829
53.2308 11.8428
53.3846 11.8565
53.5385 11.8701
53.6923 11.8837
53.8462 11.8972
54 11.9106
54.1538 11.9239
54.3077 11.9371
54.4615 11.9503
54.6154 11.9634
54.7692 11.9764
54.9231 11.9894
55.0769 12.0022
55.2308 12.015
55.3846 12.0278
55.5385 12.0404
55.6923 12.053
55.8462 12.0655
56 12.0779
56.1538 12.0903
56.3077 12.1026
56.4615 12.1148
56.6154 12.1269
56.7692 12.139
56.9231 12.151
57.0769 12.1629
57.2308 12.1748
57.3846 12.1865
57.5385 12.1983
57.6923 12.2099
57.8462 12.2215
58 12.233
58.1538 12.2444
58.3077 12.2558
58.4615 12.2671
58.6154 12.2783
58.7692 12.2894
58.9231 12.3005
59.0769 12.3115
59.2308 12.3225
59.3846 12.3334
59.5385 12.3442
59.6923 12.3549
59.8462 12.3656
60 12.3762
60.1538 12.3868
60.3077 12.3972
60.4615 12.4076
60.6154 12.418
60.7692 12.4283
60.9231 12.4385
61.0769 12.4486
61.2308 12.4587
61.3846 12.4687
61.5385 12.4786
61.6923 12.4885
61.8462 12.4983
62 12.5081
62.1538 12.5178
62.3077 12.5274
62.4615 12.537
62.6154 12.5465
62.7692 12.5559
62.9231 12.5653
63.0769 12.5746
63.2308 12.5838
63.3846 12.593
63.5385 12.6021
63.6923 12.6112
63.8462 12.6202
64 12.6291
64.1538 12.638
64.3077 12.6468
64.4615 12.6555
64.6154 12.6642
64.7692 12.6728
64.9231 12.6814
65.0769 12.6899
65.2308 12.6984
65.3846 12.7067
65.5385 12.7151
65.6923 12.7233
65.8462 12.7315
66 12.7397
66.1538 12.7478
66.3077 12.7558
66.4615 12.7638
66.6154 12.7717
66.7692 12.7795
66.9231 12.7873
67.0769 12.795
67.2308 12.8027
67.3846 12.8103
67.5385 12.8179
67.6923 12.8254
67.8462 12.8329
68 12.8403
68.1538 12.8476
68.3077 12.8549
68.4615 12.8621
68.6154 12.8693
68.7692 12.8764
68.9231 12.8834
69.0769 12.8904
69.2308 12.8974
69.3846 12.9043
69.5385 12.9111
69.6923 12.9179
69.8462 12.9246
70 12.9313
70.1538 12.9379
70.3077 12.9445
70.4615 12.951
70.6154 12.9574
70.7692 12.9638
70.9231 12.9702
71.0769 12.9765
71.2308 12.9827
71.3846 12.9889
71.5385 12.9951
71.6923 13.0012
71.8462 13.0072
72 13.0132
72.1538 13.0191
72.3077 13.025
72.4615 13.0308
72.6154 13.0366
72.7692 13.0423
72.9231 13.048
73.0769 13.0536
73.2308 13.0592
73.3846 13.0647
73.5385 13.0702
73.6923 13.0756
73.8462 13.081
74 13.0864
74.1538 13.0916
74.3077 13.0969
74.4615 13.102
74.6154 13.1072
74.7692 13.1123
74.9231 13.1173
75.0769 13.1223
75.2308 13.1272
75.3846 13.1321
75.5385 13.137
75.6923 13.1418
75.8462 13.1465
76 13.1512
76.1538 13.1559
76.3077 13.1605
76.4615 13.1651
76.6154 13.1696
76.7692 13.174
76.9231 13.1785
77.0769 13.1829
77.2308 13.1872
77.3846 13.1915
77.5385 13.1957
77.6923 13.1999
77.8462 13.2041
78 13.2082
78.1538 13.2122
78.3077 13.2163
78.4615 13.2202
78.6154 13.2242
78.7692 13.2281
78.9231 13.2319
79.0769 13.2357
79.2308 13.2395
79.3846 13.2432
79.5385 13.2469
79.6923 13.2505
79.8462 13.2541
80 13.2576
80.1538 13.2611
80.3077 13.2646
80.4615 13.268
80.6154 13.2714
80.7692 13.2747
80.9231 13.278
81.0769 13.2812
81.2308 13.2845
81.3846 13.2876
81.5385 13.2907
81.6923 13.2938
81.8462 13.2969
82 13.2999
82.1538 13.3029
82.3077 13.3058
82.4615 13.3087
82.6154 13.3115
82.7692 13.3143
82.9231 13.3171
83.0769 13.3198
83.2308 13.3225
83.3846 13.3252
83.5385 13.3278
83.6923 13.3304
83.8462 13.3329
84 13.3354
84.1538 13.3378
84.3077 13.3403
84.4615 13.3427
84.6154 13.345
84.7692 13.3473
84.9231 13.3496
85.0769 13.3518
85.2308 13.354
85.3846 13.3562
85.5385 13.3583
85.6923 13.3604
85.8462 13.3624
86 13.3645
86.1538 13.3664
86.3077 13.3684
86.4615 13.3703
86.6154 13.3722
86.7692 13.374
86.9231 13.3758
87.0769 13.3776
87.2308 13.3793
87.3846 13.381
87.5385 13.3827
87.6923 13.3843
87.8462 13.3859
88 13.3874
88.1538 13.389
88.3077 13.3905
88.4615 13.3919
88.6154 13.3933
88.7692 13.3947
88.9231 13.3961
89.0769 13.3974
89.2308 13.3987
89.3846 13.4
89.5385 13.4012
89.6923 13.4024
89.8462 13.4036
90 13.4047
90.1538 13.4058
90.3077 13.4069
90.4615 13.4079
90.6154 13.4089
90.7692 13.4099
90.9231 13.4108
91.0769 13.4117
91.2308 13.4126
91.3846 13.4134
91.5385 13.4143
91.6923 13.415
91.8462 13.4158
92 13.4165
92.1538 13.4172
92.3077 13.4179
92.4615 13.4185
92.6154 13.4191
92.7692 13.4197
92.9231 13.4203
93.0769 13.4208
93.2308 13.4213
93.3846 13.4217
93.5385 13.4222
93.6923 13.4226
93.8462 13.4229
94 13.4233
94.1538 13.4236
94.3077 13.4239
94.4615 13.4241
94.6154 13.4244
94.7692 13.4246
94.9231 13.4248
95.0769 13.4249
95.2308 13.425
95.3846 13.4251
95.5385 13.4252
95.6923 13.4252