13.3579	1.00877	107.1
13.2614	0.977288	114.4
13.1649	0.94678	120.15
13.0682	0.917121	125.24
12.9714	0.888211	129.98
12.8745	0.859972	134.51
12.7775	0.832338	138.92
12.6805	0.805253	143.25
12.5833	0.778671	147.55
12.4861	0.752552	151.84
12.3888	0.726861	156.14
12.2915	0.70157	160.44
12.1941	0.676651	164.76
12.0967	0.652081	169.08
11.9992	0.62784	173.37
11.9017	0.603909	177.6
11.8041	0.580272	181.76
11.7065	0.556914	185.79
11.6088	0.533821	189.68
11.5111	0.510982	193.39
11.4134	0.488384	196.92
11.3156	0.466018	200.26
11.2178	0.443874	203.41
11.1199	0.421944	206.38
11.0221	0.40022	209.17
10.9242	0.378694	211.8
10.8263	0.35736	214.28
10.7283	0.336212	216.62
10.6303	0.315243	218.84
10.5323	0.294447	220.94
10.4343	0.273821	222.93
10.3362	0.253359	224.83
10.2382	0.233056	226.64
10.1401	0.212909	228.37
10.0419	0.192913	230.02
9.94379	0.173065	231.61
9.84563	0.153362	233.13
9.74744	0.133799	234.6
9.64923	0.114374	236.01
9.551	0.0950849	237.37
9.45275	0.0759276 238.68
9.35448	0.0568999 239.95
9.2562	0.0379995 241.18
9.15789	0.019224 242.38
9.05957	0.000571133 243.53
9.05957 0.00057 247.80273
9.05957 0.00057 252.07545
9.05957 0.00057 256.34818
9.05957 0.00057 260.62091
9.05957 0.00057 264.89364
9.05957 0.00057 269.16636
9.05957 0.00057 273.43909
9.05957 0.00057 277.71182
9.05957 0.00057 281.98455
9.05957 0.00057 286.25727
9.05957	0.000571133 290.53