0.0 0.0 0.0
0.944704 0.177037 0.19
1.043 0.195878 0.46
1.14131 0.214595 0.74
1.23965 0.233191 1.01
1.338 0.251667 1.29
1.43637 0.270025 1.57
1.53475 0.288268 1.85
1.63315 0.306396 2.13
1.73157 0.324412 2.42
1.83001 0.342316 2.7
1.92846 0.360112 2.99
2.02693 0.377799 3.28
2.12541 0.395379 3.57
2.22391 0.412854 3.87
2.32243 0.430225 4.16
2.42096 0.447493 4.46
2.5195 0.464658 4.76
2.61806 0.481723 5.06
2.71664 0.498687 5.36
2.81523 0.515552 5.67
2.91384 0.532319 5.97
3.01246 0.548988 6.28
3.11109 0.56556 6.6
3.20974 0.582037 6.91
3.3084 0.598417 7.22
3.40708 0.614704 7.54
3.50577 0.630896 7.86
3.60447 0.646994 8.18
3.70319 0.662999 8.51
3.80193 0.678912 8.84
3.90067 0.694732 9.16
3.99943 0.71046 9.5
4.09821 0.726097 9.83
4.19699 0.741643 10.17
4.29579 0.757098 10.51
4.39461 0.772462 10.85
4.49344 0.787736 11.19
4.59228 0.80292 11.54
4.69113 0.818014 11.89
4.79 0.833017 12.24
4.88888 0.847931 12.6
4.98778 0.862755 12.96
5.08669 0.877489 13.32
5.18561 0.892134 13.68
5.28455 0.906688 14.05
5.38349 0.921153 14.42
5.48246 0.935528 14.8
5.58143 0.949813 15.18
5.68042 0.964007 15.56
5.77942 0.978111 15.94
5.87844 0.992124 16.33
5.97747 1.00605 16.72
6.07651 1.01988 17.12
6.17557 1.03362 17.51
6.27464 1.04726 17.92
6.37373 1.06082 18.32
6.47282 1.07428 18.73
6.57194 1.08765 19.15
6.67106 1.10092 19.57
6.7702 1.1141 19.99
6.86936 1.12719 20.42
6.96853 1.14018 20.85
7.06771 1.15307 21.29
7.16691 1.16586 21.73
7.26612 1.17856 22.18
7.36535 1.19116 22.63
7.46459 1.20366 23.09
7.56385 1.21606 23.55
7.66312 1.22836 24.02
7.7624 1.24055 24.49
7.86171 1.25264 24.97
7.96103 1.26463 25.45
8.06036 1.27651 25.94
8.15971 1.28828 26.44
8.25908 1.29995 26.95
8.35846 1.3115 27.46
8.45786 1.32294 27.97
8.55728 1.33427 28.5
8.65671 1.34549 29.03
8.75616 1.35658 29.57
8.85563 1.36756 30.12
8.95512 1.37842 30.68
9.05462 1.38915 31.24
9.15415 1.39976 31.82
9.25369 1.41025 32.4
9.35325 1.4206 32.99
9.45283 1.43082 33.59
9.55244 1.44091 34.21
9.65206 1.45086 34.83
9.7517 1.46066 35.47
9.85137 1.47033 36.11
9.95105 1.47984 36.77
10.0508 1.48921 37.44
10.1505 1.49841 38.13
10.2503 1.50746 38.83
10.35 1.51635 39.55
10.4498 1.52506 40.28
10.5497 1.53361 41.02
10.6495 1.54197 41.79
10.7494 1.55014 42.57
10.8493 1.55813 43.38
10.9493 1.56592 44.2
11.0493 1.5735 45.05
11.1493 1.58086 45.92
11.2493 1.58801 46.82
11.3494 1.59492 47.74
11.4495 1.60159 48.7
11.5496 1.60801 49.69
11.6498 1.61416 50.71
11.7501 1.62004 51.77
11.8503 1.62562 52.87
11.9507 1.63089 54.02
12.051 1.63583 55.23
12.1514 1.64042 56.49
12.2519 1.64464 57.81
12.3525 1.64846 59.22
12.4531 1.65185 60.7
12.5537 1.65478 62.29
12.6545 1.65721 64
12.7553 1.65908 65.86
12.8562 1.66036 67.89
12.9572 1.66096 70.17
13.0584 1.66081 72.76
13.1596 1.65981 76
13.261 1.65784 79.8462
13.27793 1.65732 80.79492
13.29487 1.65681 81.74363
13.31180 1.65629 82.69235
13.32873 1.65577 83.64107
13.34567 1.65526 84.58978
13.3626 1.65474 85.5385
13.37957 1.65400 87.25645
13.39653 1.65326 88.97440
13.41350 1.65252 90.69235
13.43047 1.65178 92.41030
13.44743 1.65104 94.12825
13.4644 1.6503 95.8462
13.44665 1.54338 97.72183
13.42890 1.43646 99.59747
13.41115 1.32953 101.47310
13.39340 1.22261 103.34873
13.37565 1.11569 105.22437
13.3579 1.00877 107.1